**STARTING PROGRAM**
Time: Tue Feb 14 10:59:11 2017
Number of Bins: 3

Input Data: 
{'Iris-virginica': [[6.3, 3.3, 6.0, 2.5], [5.8, 2.7, 5.1, 1.9], [7.1, 3.0, 5.9, 2.1], [6.3, 2.9, 5.6, 1.8], [6.5, 3.0, 5.8, 2.2], [7.6, 3.0, 6.6, 2.1], [4.9, 2.5, 4.5, 1.7], [7.3, 2.9, 6.3, 1.8], [6.7, 2.5, 5.8, 1.8], [7.2, 3.6, 6.1, 2.5], [6.5, 3.2, 5.1, 2.0], [6.4, 2.7, 5.3, 1.9], [6.8, 3.0, 5.5, 2.1], [5.7, 2.5, 5.0, 2.0], [5.8, 2.8, 5.1, 2.4], [6.4, 3.2, 5.3, 2.3], [6.5, 3.0, 5.5, 1.8], [7.7, 3.8, 6.7, 2.2], [7.7, 2.6, 6.9, 2.3], [6.0, 2.2, 5.0, 1.5], [6.9, 3.2, 5.7, 2.3], [5.6, 2.8, 4.9, 2.0], [7.7, 2.8, 6.7, 2.0], [6.3, 2.7, 4.9, 1.8], [6.7, 3.3, 5.7, 2.1], [7.2, 3.2, 6.0, 1.8], [6.2, 2.8, 4.8, 1.8], [6.1, 3.0, 4.9, 1.8], [6.4, 2.8, 5.6, 2.1], [7.2, 3.0, 5.8, 1.6], [7.4, 2.8, 6.1, 1.9], [7.9, 3.8, 6.4, 2.0], [6.4, 2.8, 5.6, 2.2], [6.3, 2.8, 5.1, 1.5], [6.1, 2.6, 5.6, 1.4], [7.7, 3.0, 6.1, 2.3], [6.3, 3.4, 5.6, 2.4], [6.4, 3.1, 5.5, 1.8], [6.0, 3.0, 4.8, 1.8], [6.9, 3.1, 5.4, 2.1], [6.7, 3.1, 5.6, 2.4], [6.9, 3.1, 5.1, 2.3], [5.8, 2.7, 5.1, 1.9], [6.8, 3.2, 5.9, 2.3], [6.7, 3.3, 5.7, 2.5], [6.7, 3.0, 5.2, 2.3], [6.3, 2.5, 5.0, 1.9], [6.5, 3.0, 5.2, 2.0], [6.2, 3.4, 5.4, 2.3], [5.9, 3.0, 5.1, 1.8]], 'Iris-setosa': [[5.1, 3.5, 1.4, 0.2], [4.9, 3.0, 1.4, 0.2], [4.7, 3.2, 1.3, 0.2], [4.6, 3.1, 1.5, 0.2], [5.0, 3.6, 1.4, 0.2], [5.4, 3.9, 1.7, 0.4], [4.6, 3.4, 1.4, 0.3], [5.0, 3.4, 1.5, 0.2], [4.4, 2.9, 1.4, 0.2], [4.9, 3.1, 1.5, 0.1], [5.4, 3.7, 1.5, 0.2], [4.8, 3.4, 1.6, 0.2], [4.8, 3.0, 1.4, 0.1], [4.3, 3.0, 1.1, 0.1], [5.8, 4.0, 1.2, 0.2], [5.7, 4.4, 1.5, 0.4], [5.4, 3.9, 1.3, 0.4], [5.1, 3.5, 1.4, 0.3], [5.7, 3.8, 1.7, 0.3], [5.1, 3.8, 1.5, 0.3], [5.4, 3.4, 1.7, 0.2], [5.1, 3.7, 1.5, 0.4], [4.6, 3.6, 1.0, 0.2], [5.1, 3.3, 1.7, 0.5], [4.8, 3.4, 1.9, 0.2], [5.0, 3.0, 1.6, 0.2], [5.0, 3.4, 1.6, 0.4], [5.2, 3.5, 1.5, 0.2], [5.2, 3.4, 1.4, 0.2], [4.7, 3.2, 1.6, 0.2], [4.8, 3.1, 1.6, 0.2], [5.4, 3.4, 1.5, 0.4], [5.2, 4.1, 1.5, 0.1], [5.5, 4.2, 1.4, 0.2], [4.9, 3.1, 1.5, 0.1], [5.0, 3.2, 1.2, 0.2], [5.5, 3.5, 1.3, 0.2], [4.9, 3.1, 1.5, 0.1], [4.4, 3.0, 1.3, 0.2], [5.1, 3.4, 1.5, 0.2], [5.0, 3.5, 1.3, 0.3], [4.5, 2.3, 1.3, 0.3], [4.4, 3.2, 1.3, 0.2], [5.0, 3.5, 1.6, 0.6], [5.1, 3.8, 1.9, 0.4], [4.8, 3.0, 1.4, 0.3], [5.1, 3.8, 1.6, 0.2], [4.6, 3.2, 1.4, 0.2], [5.3, 3.7, 1.5, 0.2], [5.0, 3.3, 1.4, 0.2]], 'Iris-versicolor': [[7.0, 3.2, 4.7, 1.4], [6.4, 3.2, 4.5, 1.5], [6.9, 3.1, 4.9, 1.5], [5.5, 2.3, 4.0, 1.3], [6.5, 2.8, 4.6, 1.5], [5.7, 2.8, 4.5, 1.3], [6.3, 3.3, 4.7, 1.6], [4.9, 2.4, 3.3, 1.0], [6.6, 2.9, 4.6, 1.3], [5.2, 2.7, 3.9, 1.4], [5.0, 2.0, 3.5, 1.0], [5.9, 3.0, 4.2, 1.5], [6.0, 2.2, 4.0, 1.0], [6.1, 2.9, 4.7, 1.4], [5.6, 2.9, 3.6, 1.3], [6.7, 3.1, 4.4, 1.4], [5.6, 3.0, 4.5, 1.5], [5.8, 2.7, 4.1, 1.0], [6.2, 2.2, 4.5, 1.5], [5.6, 2.5, 3.9, 1.1], [5.9, 3.2, 4.8, 1.8], [6.1, 2.8, 4.0, 1.3], [6.3, 2.5, 4.9, 1.5], [6.1, 2.8, 4.7, 1.2], [6.4, 2.9, 4.3, 1.3], [6.6, 3.0, 4.4, 1.4], [6.8, 2.8, 4.8, 1.4], [6.7, 3.0, 5.0, 1.7], [6.0, 2.9, 4.5, 1.5], [5.7, 2.6, 3.5, 1.0], [5.5, 2.4, 3.8, 1.1], [5.5, 2.4, 3.7, 1.0], [5.8, 2.7, 3.9, 1.2], [6.0, 2.7, 5.1, 1.6], [5.4, 3.0, 4.5, 1.5], [6.0, 3.4, 4.5, 1.6], [6.7, 3.1, 4.7, 1.5], [6.3, 2.3, 4.4, 1.3], [5.6, 3.0, 4.1, 1.3], [5.5, 2.5, 4.0, 1.3], [5.5, 2.6, 4.4, 1.2], [6.1, 3.0, 4.6, 1.4], [5.8, 2.6, 4.0, 1.2], [5.0, 2.3, 3.3, 1.0], [5.6, 2.7, 4.2, 1.3], [5.7, 3.0, 4.2, 1.2], [5.7, 2.9, 4.2, 1.3], [6.2, 2.9, 4.3, 1.3], [5.1, 2.5, 3.0, 1.1], [5.7, 2.8, 4.1, 1.3]]}
Keys(Classes):['Iris-virginica', 'Iris-setosa', 'Iris-versicolor']
['Iris-virginica', 'Iris-setosa', 'Iris-versicolor']

Writing Class,Key pair to file <class_labels.txt>...
Done Writing!


Training Data (Merged):[[0, 6.3, 3.3, 6.0, 2.5], [0, 5.8, 2.7, 5.1, 1.9], [0, 7.1, 3.0, 5.9, 2.1], [0, 6.3, 2.9, 5.6, 1.8], [0, 4.9, 2.5, 4.5, 1.7], [0, 7.3, 2.9, 6.3, 1.8], [0, 6.7, 2.5, 5.8, 1.8], [0, 7.2, 3.6, 6.1, 2.5], [0, 6.5, 3.2, 5.1, 2.0], [0, 6.4, 2.7, 5.3, 1.9], [0, 5.8, 2.8, 5.1, 2.4], [0, 6.4, 3.2, 5.3, 2.3], [0, 6.5, 3.0, 5.5, 1.8], [0, 7.7, 3.8, 6.7, 2.2], [0, 7.7, 2.6, 6.9, 2.3], [0, 6.0, 2.2, 5.0, 1.5], [0, 5.6, 2.8, 4.9, 2.0], [0, 7.7, 2.8, 6.7, 2.0], [0, 6.3, 2.7, 4.9, 1.8], [0, 7.2, 3.2, 6.0, 1.8], [0, 6.4, 2.8, 5.6, 2.1], [0, 7.2, 3.0, 5.8, 1.6], [0, 7.4, 2.8, 6.1, 1.9], [0, 6.3, 2.8, 5.1, 1.5], [0, 7.7, 3.0, 6.1, 2.3], [0, 6.3, 3.4, 5.6, 2.4], [0, 6.4, 3.1, 5.5, 1.8], [0, 6.9, 3.1, 5.4, 2.1], [0, 6.7, 3.1, 5.6, 2.4], [0, 6.9, 3.1, 5.1, 2.3], [0, 5.8, 2.7, 5.1, 1.9], [0, 6.8, 3.2, 5.9, 2.3], [0, 6.5, 3.0, 5.2, 2.0], [1, 4.9, 3.0, 1.4, 0.2], [1, 4.7, 3.2, 1.3, 0.2], [1, 4.6, 3.1, 1.5, 0.2], [1, 4.6, 3.4, 1.4, 0.3], [1, 5.0, 3.4, 1.5, 0.2], [1, 4.4, 2.9, 1.4, 0.2], [1, 4.9, 3.1, 1.5, 0.1], [1, 5.4, 3.7, 1.5, 0.2], [1, 4.8, 3.4, 1.6, 0.2], [1, 4.8, 3.0, 1.4, 0.1], [1, 5.8, 4.0, 1.2, 0.2], [1, 5.4, 3.9, 1.3, 0.4], [1, 5.1, 3.5, 1.4, 0.3], [1, 5.7, 3.8, 1.7, 0.3], [1, 5.1, 3.7, 1.5, 0.4], [1, 4.6, 3.6, 1.0, 0.2], [1, 5.1, 3.3, 1.7, 0.5], [1, 5.0, 3.0, 1.6, 0.2], [1, 5.2, 3.5, 1.5, 0.2], [1, 4.7, 3.2, 1.6, 0.2], [1, 5.4, 3.4, 1.5, 0.4], [1, 5.0, 3.2, 1.2, 0.2], [1, 5.5, 3.5, 1.3, 0.2], [1, 4.9, 3.1, 1.5, 0.1], [1, 4.4, 3.0, 1.3, 0.2], [1, 5.1, 3.4, 1.5, 0.2], [1, 5.0, 3.5, 1.3, 0.3], [1, 4.5, 2.3, 1.3, 0.3], [1, 4.4, 3.2, 1.3, 0.2], [1, 5.0, 3.5, 1.6, 0.6], [1, 5.1, 3.8, 1.9, 0.4], [1, 5.3, 3.7, 1.5, 0.2], [1, 5.0, 3.3, 1.4, 0.2], [2, 7.0, 3.2, 4.7, 1.4], [2, 6.4, 3.2, 4.5, 1.5], [2, 6.9, 3.1, 4.9, 1.5], [2, 6.5, 2.8, 4.6, 1.5], [2, 5.7, 2.8, 4.5, 1.3], [2, 4.9, 2.4, 3.3, 1.0], [2, 6.6, 2.9, 4.6, 1.3], [2, 6.1, 2.9, 4.7, 1.4], [2, 6.7, 3.1, 4.4, 1.4], [2, 5.6, 3.0, 4.5, 1.5], [2, 5.8, 2.7, 4.1, 1.0], [2, 5.9, 3.2, 4.8, 1.8], [2, 6.3, 2.5, 4.9, 1.5], [2, 6.1, 2.8, 4.7, 1.2], [2, 6.6, 3.0, 4.4, 1.4], [2, 6.8, 2.8, 4.8, 1.4], [2, 6.0, 2.9, 4.5, 1.5], [2, 5.7, 2.6, 3.5, 1.0], [2, 5.5, 2.4, 3.8, 1.1], [2, 5.8, 2.7, 3.9, 1.2], [2, 6.0, 2.7, 5.1, 1.6], [2, 5.4, 3.0, 4.5, 1.5], [2, 6.7, 3.1, 4.7, 1.5], [2, 6.3, 2.3, 4.4, 1.3], [2, 5.6, 3.0, 4.1, 1.3], [2, 5.5, 2.5, 4.0, 1.3], [2, 5.5, 2.6, 4.4, 1.2], [2, 6.1, 3.0, 4.6, 1.4], [2, 5.8, 2.6, 4.0, 1.2], [2, 5.7, 3.0, 4.2, 1.2], [2, 6.2, 2.9, 4.3, 1.3], [2, 5.1, 2.5, 3.0, 1.1], [2, 5.7, 2.8, 4.1, 1.3]]

**START BINNING**
Max of each category:
[7.7000000000000002, 4.0, 6.9000000000000004, 2.5]
Min of each category:
[4.4000000000000004, 2.2000000000000002, 1.0, 0.10000000000000001]

Bin Ranges: 
[[4.4000000000000004, 5.5, 6.5999999999999996, 7.7000000000000002],
[2.2000000000000002, 2.8000000000000003, 3.4000000000000004, 4.0],
[1.0, 2.9666666666666668, 4.9333333333333336, 6.9000000000000004],
[0.10000000000000001, 0.89999999999999991, 1.7, 2.5]]
[[0, 1, 1, 2, 2], [0, 1, 0, 2, 2], [0, 2, 1, 2, 2], [0, 1, 1, 2, 2], [0, 0, 0, 1, 1], [0, 2, 1, 2, 2], [0, 2, 0, 2, 2], [0, 2, 2, 2, 2], [0, 1, 1, 2, 2], [0, 1, 0, 2, 2], [0, 1, 0, 2, 2], [0, 1, 1, 2, 2], [0, 1, 1, 2, 2], [0, 2, 2, 2, 2], [0, 2, 0, 2, 2], [0, 1, 0, 2, 1], [0, 1, 0, 1, 2], [0, 2, 0, 2, 2], [0, 1, 0, 1, 2], [0, 2, 1, 2, 2], [0, 1, 0, 2, 2], [0, 2, 1, 2, 1], [0, 2, 0, 2, 2], [0, 1, 0, 2, 1], [0, 2, 1, 2, 2], [0, 1, 1, 2, 2], [0, 1, 1, 2, 2], [0, 2, 1, 2, 2], [0, 2, 1, 2, 2], [0, 2, 1, 2, 2], [0, 1, 0, 2, 2], [0, 2, 1, 2, 2], [0, 1, 1, 2, 2], [1, 0, 1, 0, 0], [1, 0, 1, 0, 0], [1, 0, 1, 0, 0], [1, 0, 1, 0, 0], [1, 0, 1, 0, 0], [1, 0, 1, 0, 0], [1, 0, 1, 0, 0], [1, 0, 2, 0, 0], [1, 0, 1, 0, 0], [1, 0, 1, 0, 0], [1, 1, 2, 0, 0], [1, 0, 2, 0, 0], [1, 0, 2, 0, 0], [1, 1, 2, 0, 0], [1, 0, 2, 0, 0], [1, 0, 2, 0, 0], [1, 0, 1, 0, 0], [1, 0, 1, 0, 0], [1, 0, 2, 0, 0], [1, 0, 1, 0, 0], [1, 0, 1, 0, 0], [1, 0, 1, 0, 0], [1, 0, 2, 0, 0], [1, 0, 1, 0, 0], [1, 0, 1, 0, 0], [1, 0, 1, 0, 0], [1, 0, 2, 0, 0], [1, 0, 0, 0, 0], [1, 0, 1, 0, 0], [1, 0, 2, 0, 0], [1, 0, 2, 0, 0], [1, 0, 2, 0, 0], [1, 0, 1, 0, 0], [2, 2, 1, 1, 1], [2, 1, 1, 1, 1], [2, 2, 1, 1, 1], [2, 1, 0, 1, 1], [2, 1, 0, 1, 1], [2, 0, 0, 1, 1], [2, 1, 1, 1, 1], [2, 1, 1, 1, 1], [2, 2, 1, 1, 1], [2, 1, 1, 1, 1], [2, 1, 0, 1, 1], [2, 1, 1, 1, 2], [2, 1, 0, 1, 1], [2, 1, 0, 1, 1], [2, 1, 1, 1, 1], [2, 2, 0, 1, 1], [2, 1, 1, 1, 1], [2, 1, 0, 1, 1], [2, 0, 0, 1, 1], [2, 1, 0, 1, 1], [2, 1, 0, 2, 1], [2, 0, 1, 1, 1], [2, 2, 1, 1, 1], [2, 1, 0, 1, 1], [2, 1, 1, 1, 1], [2, 0, 0, 1, 1], [2, 0, 0, 1, 1], [2, 1, 1, 1, 1], [2, 1, 0, 1, 1], [2, 1, 1, 1, 1], [2, 1, 1, 1, 1], [2, 0, 0, 1, 1], [2, 1, 0, 1, 1]]
-----
-----
-----
---------------------------------
Binned: 
[[[1, 1, 1, 2, 2], [1, 1, 0, 2, 2], [1, 2, 1, 2, 2], [1, 1, 1, 2, 2], [1, 0, 0, 1, 1], [1, 2, 1, 2, 2], [1, 2, 0, 2, 2], [1, 2, 2, 2, 2], [1, 1, 1, 2, 2], [1, 1, 0, 2, 2], [1, 1, 0, 2, 2], [1, 1, 1, 2, 2], [1, 1, 1, 2, 2], [1, 2, 2, 2, 2], [1, 2, 0, 2, 2], [1, 1, 0, 2, 1], [1, 1, 0, 1, 2], [1, 2, 0, 2, 2], [1, 1, 0, 1, 2], [1, 2, 1, 2, 2], [1, 1, 0, 2, 2], [1, 2, 1, 2, 1], [1, 2, 0, 2, 2], [1, 1, 0, 2, 1], [1, 2, 1, 2, 2], [1, 1, 1, 2, 2], [1, 1, 1, 2, 2], [1, 2, 1, 2, 2], [1, 2, 1, 2, 2], [1, 2, 1, 2, 2], [1, 1, 0, 2, 2], [1, 2, 1, 2, 2], [1, 1, 1, 2, 2], [0, 0, 1, 0, 0], [0, 0, 1, 0, 0], [0, 0, 1, 0, 0], [0, 0, 1, 0, 0], [0, 0, 1, 0, 0], [0, 0, 1, 0, 0], [0, 0, 1, 0, 0], [0, 0, 2, 0, 0], [0, 0, 1, 0, 0], [0, 0, 1, 0, 0], [0, 1, 2, 0, 0], [0, 0, 2, 0, 0], [0, 0, 2, 0, 0], [0, 1, 2, 0, 0], [0, 0, 2, 0, 0], [0, 0, 2, 0, 0], [0, 0, 1, 0, 0], [0, 0, 1, 0, 0], [0, 0, 2, 0, 0], [0, 0, 1, 0, 0], [0, 0, 1, 0, 0], [0, 0, 1, 0, 0], [0, 0, 2, 0, 0], [0, 0, 1, 0, 0], [0, 0, 1, 0, 0], [0, 0, 1, 0, 0], [0, 0, 2, 0, 0], [0, 0, 0, 0, 0], [0, 0, 1, 0, 0], [0, 0, 2, 0, 0], [0, 0, 2, 0, 0], [0, 0, 2, 0, 0], [0, 0, 1, 0, 0], [0, 2, 1, 1, 1], [0, 1, 1, 1, 1], [0, 2, 1, 1, 1], [0, 1, 0, 1, 1], [0, 1, 0, 1, 1], [0, 0, 0, 1, 1], [0, 1, 1, 1, 1], [0, 1, 1, 1, 1], [0, 2, 1, 1, 1], [0, 1, 1, 1, 1], [0, 1, 0, 1, 1], [0, 1, 1, 1, 2], [0, 1, 0, 1, 1], [0, 1, 0, 1, 1], [0, 1, 1, 1, 1], [0, 2, 0, 1, 1], [0, 1, 1, 1, 1], [0, 1, 0, 1, 1], [0, 0, 0, 1, 1], [0, 1, 0, 1, 1], [0, 1, 0, 2, 1], [0, 0, 1, 1, 1], [0, 2, 1, 1, 1], [0, 1, 0, 1, 1], [0, 1, 1, 1, 1], [0, 0, 0, 1, 1], [0, 0, 0, 1, 1], [0, 1, 1, 1, 1], [0, 1, 0, 1, 1], [0, 1, 1, 1, 1], [0, 1, 1, 1, 1], [0, 0, 0, 1, 1], [0, 1, 0, 1, 1]], [[0, 1, 1, 2, 2], [0, 1, 0, 2, 2], [0, 2, 1, 2, 2], [0, 1, 1, 2, 2], [0, 0, 0, 1, 1], [0, 2, 1, 2, 2], [0, 2, 0, 2, 2], [0, 2, 2, 2, 2], [0, 1, 1, 2, 2], [0, 1, 0, 2, 2], [0, 1, 0, 2, 2], [0, 1, 1, 2, 2], [0, 1, 1, 2, 2], [0, 2, 2, 2, 2], [0, 2, 0, 2, 2], [0, 1, 0, 2, 1], [0, 1, 0, 1, 2], [0, 2, 0, 2, 2], [0, 1, 0, 1, 2], [0, 2, 1, 2, 2], [0, 1, 0, 2, 2], [0, 2, 1, 2, 1], [0, 2, 0, 2, 2], [0, 1, 0, 2, 1], [0, 2, 1, 2, 2], [0, 1, 1, 2, 2], [0, 1, 1, 2, 2], [0, 2, 1, 2, 2], [0, 2, 1, 2, 2], [0, 2, 1, 2, 2], [0, 1, 0, 2, 2], [0, 2, 1, 2, 2], [0, 1, 1, 2, 2], [1, 0, 1, 0, 0], [1, 0, 1, 0, 0], [1, 0, 1, 0, 0], [1, 0, 1, 0, 0], [1, 0, 1, 0, 0], [1, 0, 1, 0, 0], [1, 0, 1, 0, 0], [1, 0, 2, 0, 0], [1, 0, 1, 0, 0], [1, 0, 1, 0, 0], [1, 1, 2, 0, 0], [1, 0, 2, 0, 0], [1, 0, 2, 0, 0], [1, 1, 2, 0, 0], [1, 0, 2, 0, 0], [1, 0, 2, 0, 0], [1, 0, 1, 0, 0], [1, 0, 1, 0, 0], [1, 0, 2, 0, 0], [1, 0, 1, 0, 0], [1, 0, 1, 0, 0], [1, 0, 1, 0, 0], [1, 0, 2, 0, 0], [1, 0, 1, 0, 0], [1, 0, 1, 0, 0], [1, 0, 1, 0, 0], [1, 0, 2, 0, 0], [1, 0, 0, 0, 0], [1, 0, 1, 0, 0], [1, 0, 2, 0, 0], [1, 0, 2, 0, 0], [1, 0, 2, 0, 0], [1, 0, 1, 0, 0], [0, 2, 1, 1, 1], [0, 1, 1, 1, 1], [0, 2, 1, 1, 1], [0, 1, 0, 1, 1], [0, 1, 0, 1, 1], [0, 0, 0, 1, 1], [0, 1, 1, 1, 1], [0, 1, 1, 1, 1], [0, 2, 1, 1, 1], [0, 1, 1, 1, 1], [0, 1, 0, 1, 1], [0, 1, 1, 1, 2], [0, 1, 0, 1, 1], [0, 1, 0, 1, 1], [0, 1, 1, 1, 1], [0, 2, 0, 1, 1], [0, 1, 1, 1, 1], [0, 1, 0, 1, 1], [0, 0, 0, 1, 1], [0, 1, 0, 1, 1], [0, 1, 0, 2, 1], [0, 0, 1, 1, 1], [0, 2, 1, 1, 1], [0, 1, 0, 1, 1], [0, 1, 1, 1, 1], [0, 0, 0, 1, 1], [0, 0, 0, 1, 1], [0, 1, 1, 1, 1], [0, 1, 0, 1, 1], [0, 1, 1, 1, 1], [0, 1, 1, 1, 1], [0, 0, 0, 1, 1], [0, 1, 0, 1, 1]], [[0, 1, 1, 2, 2], [0, 1, 0, 2, 2], [0, 2, 1, 2, 2], [0, 1, 1, 2, 2], [0, 0, 0, 1, 1], [0, 2, 1, 2, 2], [0, 2, 0, 2, 2], [0, 2, 2, 2, 2], [0, 1, 1, 2, 2], [0, 1, 0, 2, 2], [0, 1, 0, 2, 2], [0, 1, 1, 2, 2], [0, 1, 1, 2, 2], [0, 2, 2, 2, 2], [0, 2, 0, 2, 2], [0, 1, 0, 2, 1], [0, 1, 0, 1, 2], [0, 2, 0, 2, 2], [0, 1, 0, 1, 2], [0, 2, 1, 2, 2], [0, 1, 0, 2, 2], [0, 2, 1, 2, 1], [0, 2, 0, 2, 2], [0, 1, 0, 2, 1], [0, 2, 1, 2, 2], [0, 1, 1, 2, 2], [0, 1, 1, 2, 2], [0, 2, 1, 2, 2], [0, 2, 1, 2, 2], [0, 2, 1, 2, 2], [0, 1, 0, 2, 2], [0, 2, 1, 2, 2], [0, 1, 1, 2, 2], [0, 0, 1, 0, 0], [0, 0, 1, 0, 0], [0, 0, 1, 0, 0], [0, 0, 1, 0, 0], [0, 0, 1, 0, 0], [0, 0, 1, 0, 0], [0, 0, 1, 0, 0], [0, 0, 2, 0, 0], [0, 0, 1, 0, 0], [0, 0, 1, 0, 0], [0, 1, 2, 0, 0], [0, 0, 2, 0, 0], [0, 0, 2, 0, 0], [0, 1, 2, 0, 0], [0, 0, 2, 0, 0], [0, 0, 2, 0, 0], [0, 0, 1, 0, 0], [0, 0, 1, 0, 0], [0, 0, 2, 0, 0], [0, 0, 1, 0, 0], [0, 0, 1, 0, 0], [0, 0, 1, 0, 0], [0, 0, 2, 0, 0], [0, 0, 1, 0, 0], [0, 0, 1, 0, 0], [0, 0, 1, 0, 0], [0, 0, 2, 0, 0], [0, 0, 0, 0, 0], [0, 0, 1, 0, 0], [0, 0, 2, 0, 0], [0, 0, 2, 0, 0], [0, 0, 2, 0, 0], [0, 0, 1, 0, 0], [1, 2, 1, 1, 1], [1, 1, 1, 1, 1], [1, 2, 1, 1, 1], [1, 1, 0, 1, 1], [1, 1, 0, 1, 1], [1, 0, 0, 1, 1], [1, 1, 1, 1, 1], [1, 1, 1, 1, 1], [1, 2, 1, 1, 1], [1, 1, 1, 1, 1], [1, 1, 0, 1, 1], [1, 1, 1, 1, 2], [1, 1, 0, 1, 1], [1, 1, 0, 1, 1], [1, 1, 1, 1, 1], [1, 2, 0, 1, 1], [1, 1, 1, 1, 1], [1, 1, 0, 1, 1], [1, 0, 0, 1, 1], [1, 1, 0, 1, 1], [1, 1, 0, 2, 1], [1, 0, 1, 1, 1], [1, 2, 1, 1, 1], [1, 1, 0, 1, 1], [1, 1, 1, 1, 1], [1, 0, 0, 1, 1], [1, 0, 0, 1, 1], [1, 1, 1, 1, 1], [1, 1, 0, 1, 1], [1, 1, 1, 1, 1], [1, 1, 1, 1, 1], [1, 0, 0, 1, 1], [1, 1, 0, 1, 1]]]
---------------------------------
****************
Training for class Iris-virginica
****************
Score = -2.00  ----  combo = or(and(!$5 $12) $9) 
Score = -3.00  ----  combo = or($9 $12) 
Score = -3.00  ----  combo = and(or($9 $12) !$1) 
Score = -3.00  ----  combo = and(or($9 $12) !$7) 
Score = -3.00  ----  combo = and(or($9 $12) !$10) 
Score = -3.00  ----  combo = or(and(!$6 $9) $12) 
Score = -3.00  ----  combo = and(or($9 $12) !$1 !$10) 
Score = -3.00  ----  combo = or(and($1 $2) $9 $12) 
Score = -3.00  ----  combo = or(and($6 !$10) $9 $12) 
Score = -3.00  ----  combo = and(or(!$1 !$2) or($9 $12)) 
****************
Training for class Iris-setosa
****************
Score = 0.00  ----  combo = $7 
Score = 0.00  ----  combo = $10 
Score = -1.00  ----  combo = and(!$4 $7) 
Score = -2.00  ----  combo = and($1 $7) 
Score = -3.00  ----  combo = and(!$9 !$11) 
Score = -4.00  ----  combo = and(!$8 !$12) 
Score = -7.00  ----  combo = or($1 $10) 
Score = -9.00  ----  combo = $1 
Score = -16.00  ----  combo = and(!$2 !$11) 
Score = -16.00  ----  combo = and(!$3 !$8) 
****************
Training for class Iris-versicolor
****************
Score = -2.00  ----  combo = and(or(!$4 !$12) $8) 
Score = -3.00  ----  combo = and($8 $11) 
Score = -3.00  ----  combo = and($8 !$12) 
Score = -3.00  ----  combo = and($8 !$9 !$12) 
Score = -3.00  ----  combo = and(or(!$2 $11) $8) 
Score = -3.00  ----  combo = and(or($9 !$12) $8) 
Score = -3.00  ----  combo = and(or($10 $11) $8) 
Score = -4.00  ----  combo = $8 
Score = -4.00  ----  combo = and(!$6 $8) 
Score = -4.00  ----  combo = and(!$7 $8) 
